Mike
6.0
5.0
1.0
4.0
3.0
45.0
0.7555776892430279
3.8870523415977956
0.0
0.042629482071713146
0.07390438247011952
0.035258964143426295
0.07031872509960159
0.6768924302788845
0.03804780876494024
0.036852589641434265
0.026095617529880478
0.6587649402390439
0.035657370517928284
0.10756972111553785
0.01454183266932271
0.007569721115537849
0.02908366533864542
0.09262948207171315
0.054183266932270914
0.2987678650317984
4.96407712730867
0.4371898491509372
2.4417862838915467
1.0850460666194188
1.727272727272727
0.13157894736842105
NaN
4966.0
4.0
4.0
0.24422310756972113
1.9920318725099602E-4
0.7555776892430279
5019.0
1.0
1.0
1.0
1.0
0.0
0.0
0.0
0.0
0.0
0.0
0.0
0.0
0.0
0.0
0.0
0.0
0.0
0.0
0.0
0.0
0.0
0.0
0.0
0.0
0.0
0.0
0.0
0.0
0.0
0.0
0.0
0.0
0.0
0.0
0.0
0.0
0.0
0.0
0.0
0.0
0.0
0.0
0.0
0.0
0.0
0.0
0.0
0.0
6.0
5.0
0.0
3.0
2.0
49.0
0.801038062283737
2.8595121951219515
0.0
0.044463667820069205
0.04757785467128028
0.019550173010380624
0.06245674740484429
0.7423875432525952
0.035986159169550176
0.035986159169550176
0.011591695501730104
0.7089965397923875
0.03235294117647059
0.09480968858131487
0.010899653979238755
0.010899653979238755
0.02301038062283737
0.061591695501730104
0.057439446366782006
0.2920358467008983
5.086842531223983
0.39041884538261296
2.6378077839555205
1.1330603889457522
1.2282926829268292
0.11517077045274027
NaN
5775.0
4.0
4.0
0.19878892733564013
1.7301038062283736E-4
0.801038062283737
5779.0
1.0
1.0
1.0
1.0
0.0
0.0
0.0
0.0
0.0
0.0
0.0
0.0
0.0
0.0
0.0
0.0
0.0
0.0
0.0
0.0
0.0
0.0
0.0
0.0
0.0
0.0
0.0
0.0
0.0
0.0
0.0
0.0
0.0
0.0
0.0
0.0
0.0
0.0
0.0
0.0
0.0
0.0
0.0
0.0
0.0
0.0
0.0
0.0
