Alexander Shapiro
3.0
2.0
0.0
2.0
2.0
51.0
0.6878787878787879
6.291545189504373
0.0
0.09151515151515152
0.10303030303030303
0.11818181818181818
0.1006060606060606
0.49454545454545457
0.048484848484848485
0.03878787878787879
0.0048484848484848485
0.48787878787878786
0.06181818181818182
0.1412121212121212
0.029696969696969697
0.014545454545454545
0.017575757575757574
0.1509090909090909
0.09636363636363636
0.23176840852343095
3.8763211913677784
0.34110679918696946
2.9972337482710927
1.0041705282669138
2.107871720116618
0.3042876901798064
NaN
2721.0
4.0
4.0
0.3115151515151515
6.060606060606061E-4
0.6878787878787879
1649.0
1.0
1.0
1.0
1.0
0.0
0.0
0.0
0.0
0.0
0.0
0.0
0.0
0.0
0.0
0.0
0.0
0.0
0.0
0.0
0.0
0.0
0.0
0.0
0.0
0.0
0.0
0.0
0.0
0.0
0.0
0.0
0.0
0.0
0.0
0.0
0.0
0.0
0.0
0.0
0.0
0.0
0.0
0.0
0.0
0.0
0.0
0.0
0.0
4.0
2.0
0.0
2.0
0.0
52.0
0.16996336996336997
4.777070063694267
0.0
0.060805860805860805
0.08168498168498169
0.11465201465201465
0.04212454212454213
0.6860805860805861
3.663003663003663E-4
0.014285714285714285
0.0
0.672893772893773
0.027106227106227107
0.11282051282051282
0.023443223443223443
0.00805860805860806
0.005860805860805861
0.07802197802197802
0.07179487179487179
0.2567775182479008
4.264615249397661
0.4251459238464184
3.4623655913978495
0.4906666666666667
0.6769790718835305
0.5779569892473118
NaN
1441.0
4.0
4.0
0.18534798534798536
0.6446886446886447
0.16996336996336997
0.5511363636363636
1.0
1.0
1.0
1.0
0.0
0.0
0.0
0.0
0.0
0.0
0.0
0.0
0.0
0.0
0.0
0.0
0.0
0.0
0.0
0.0
0.0
0.0
0.0
0.0
0.0
0.0
0.0
0.0
0.0
0.0
0.0
0.0
0.0
0.0
0.0
0.0
0.0
0.0
0.0
0.0
0.0
0.0
0.0
0.0
0.0
0.0
0.0
0.0
