Michael J Wehar
4.0
3.0
0.0
2.0
3.0
48.0
0.7334080717488789
3.879237288135593
0.0
0.0
0.04798206278026906
0.06031390134529148
0.10044843049327354
0.6549327354260089
0.028699551569506727
0.04282511210762332
0.0647982062780269
0.6378923766816144
0.06659192825112108
0.07331838565022422
0.030269058295964126
0.02376681614349776
0.03385650224215247
0.08116591928251121
0.053139013452914795
0.2389648501254388
4.480694125340755
0.3467974065627761
2.853940708604483
1.0778263244128892
1.465042372881356
0.16992046276211134
NaN
4658.0
4.0
4.0
0.2663677130044843
2.242152466367713E-4
0.7334080717488789
4459.0
1.0
1.0
1.0
1.0
0.0
0.0
0.0
0.0
0.0
0.0
0.0
0.0
0.0
0.0
0.0
0.0
0.0
0.0
0.0
0.0
0.0
0.0
0.0
0.0
0.0
0.0
0.0
0.0
0.0
0.0
0.0
0.0
0.0
0.0
0.0
0.0
0.0
0.0
0.0
0.0
0.0
0.0
0.0
0.0
0.0
0.0
0.0
0.0
6.0
5.0
0.0
3.0
2.0
41.0
0.7974964347963872
3.8356309650053024
0.0
0.02915544287751545
0.05387418792584377
0.038504199017588336
0.04088100142608145
0.7548724449374109
0.024084931072730152
0.03802883853588972
0.020598954206940263
0.7531294565045159
0.038979559499286956
0.05957851370622722
0.014102360957059103
0.015528442402154967
0.02614482649342418
0.04626842021866582
0.04626842021866582
0.22355069540085787
4.210143320011899
0.31592275455550917
3.6036199095022625
1.10091235830799
1.1717921527041357
0.08144796380090498
NaN
5879.0
4.0
4.0
0.2023451117097132
1.5845349389954048E-4
0.7974964347963872
6310.0
1.0
1.0
1.0
1.0
0.0
0.0
0.0
0.0
0.0
0.0
0.0
0.0
0.0
0.0
0.0
0.0
0.0
0.0
0.0
0.0
0.0
0.0
0.0
0.0
0.0
0.0
0.0
0.0
0.0
0.0
0.0
0.0
0.0
0.0
0.0
0.0
0.0
0.0
0.0
0.0
0.0
0.0
0.0
0.0
0.0
0.0
0.0
0.0
