Fr
2.0
1.0
0.0
0.0
1.0
17.0
0.8609022556390977
2.551948051948052
0.0
0.09774436090225563
0.19172932330827067
0.10902255639097744
0.06015037593984962
0.22180451127819548
0.12030075187969924
0.10150375939849623
0.09774436090225563
0.2744360902255639
0.11278195488721804
0.16165413533834586
0.041353383458646614
0.02631578947368421
0.05639097744360902
0.10526315789473684
0.22180451127819548
0.311675983732285
1744.0208959744696
0.2134781093579835
2.3085714285714287
1.1993214588634435
1.3257575757575757
0.5836734693877551
NaN
571.0
4.0
4.0
0.13533834586466165
0.0037593984962406013
0.8609022556390977
265.0
1.0
1.0
1.0
1.0
0.0
0.0
0.0
0.0
0.0
0.0
0.0
0.0
0.0
0.0
0.0
0.0
0.0
0.0
0.0
0.0
0.0
0.0
0.0
0.0
0.0
0.0
0.0
0.0
0.0
0.0
0.0
0.0
0.0
0.0
0.0
0.0
0.0
0.0
0.0
0.0
0.0
0.0
0.0
0.0
0.0
0.0
0.0
0.0
2.0
1.0
0.0
0.0
1.0
15.0
0.8560311284046692
1.897704253882512
0.0
0.12062256809338522
0.29961089494163423
0.09727626459143969
0.09727626459143969
0.2178988326848249
0.04669260700389105
0.05058365758754864
0.07003891050583658
0.29571984435797666
0.12840466926070038
0.14785992217898833
0.0311284046692607
0.038910505836575876
0.06614785992217899
0.10894941634241245
0.1828793774319066
0.32360124825445324
2575.056375653714
0.1980646993330764
2.142947103274559
1.2108165806795943
1.0722484807562458
0.551007556675063
NaN
554.0
4.0
4.0
0.14007782101167315
0.0038910505836575876
0.8560311284046692
256.0
1.0
1.0
1.0
1.0
0.0
0.0
0.0
0.0
0.0
0.0
0.0
0.0
0.0
0.0
0.0
0.0
0.0
0.0
0.0
0.0
0.0
0.0
0.0
0.0
0.0
0.0
0.0
0.0
0.0
0.0
0.0
0.0
0.0
0.0
0.0
0.0
0.0
0.0
0.0
0.0
0.0
0.0
0.0
0.0
0.0
0.0
0.0
0.0
