chen
2.0
1.0
0.0
0.0
0.0
9.0
0.48828125
1.1000733137829912
0.0
0.0
0.07265625
0.14140625
0.04921875
0.521875
0.10078125
0.04609375
0.06796875
0.5359375
0.06484375
0.1078125
0.034375
0.06796875
0.05
0.06484375
0.07421875
0.9341537030626637
2326.861091468386
0.4930821546782718
1.05975073313783
0.9633455514828391
1.0
0.48387096774193544
NaN
1759.0
4.0
4.0
0.0
0.51171875
0.48828125
0.9541984732824428
1.0
1.0
1.0
1.0
0.0
0.0
0.0
0.0
0.0
0.0
0.0
0.0
0.0
0.0
0.0
0.0
0.0
0.0
0.0
0.0
0.0
0.0
0.0
0.0
0.0
0.0
0.0
0.0
0.0
0.0
0.0
0.0
0.0
0.0
0.0
0.0
0.0
0.0
0.0
0.0
0.0
0.0
0.0
0.0
0.0
0.0
0.0
0.0
3.0
2.0
0.0
0.0
1.0
7.0
0.24224806201550386
0.9925426136363635
0.0
0.002583979328165375
0.08850129198966408
0.07299741602067183
0.023901808785529714
0.6052971576227391
0.09819121447028424
0.06912144702842377
0.03940568475452196
0.6317829457364341
0.0872093023255814
0.0917312661498708
0.014857881136950904
0.04974160206718346
0.040051679586563305
0.03359173126614987
0.05103359173126615
1.0942405583937644
2001.1628616018397
0.4474305354554321
0.6821877309682188
0.6604651162790699
0.9609375
0.47302291204730224
NaN
954.0
4.0
4.0
0.15956072351421188
0.5981912144702842
0.24224806201550386
0.67170626349892
1.0
1.0
1.0
1.0
0.0
0.0
0.0
0.0
0.0
0.0
0.0
0.0
0.0
0.0
0.0
0.0
0.0
0.0
0.0
0.0
0.0
0.0
0.0
0.0
0.0
0.0
0.0
0.0
0.0
0.0
0.0
0.0
0.0
0.0
0.0
0.0
0.0
0.0
0.0
0.0
0.0
0.0
0.0
0.0
0.0
0.0
0.0
0.0
