zmwieand
4.0
2.0
1.0
2.0
1.0
16.0
0.31983805668016196
2.0371867421180276
0.0
0.05398110661268556
0.005398110661268556
0.002699055330634278
0.024291497975708502
0.7908232118758435
0.07827260458839407
0.044534412955465584
0.0
0.6869095816464238
0.058029689608636977
0.07692307692307693
0.01349527665317139
0.006747638326585695
0.010796221322537112
0.09986504723346828
0.04723346828609987
0.6837678422857547
3.899006226528368
0.4259139674382858
1.6782133090246123
0.7305555555555554
0.8868229587712207
0.3910665451230628
NaN
666.0
4.0
4.0
0.0
0.680161943319838
0.31983805668016196
0.47023809523809523
1.0
1.0
1.0
1.0
0.0
0.0
0.0
0.0
0.0
0.0
0.0
0.0
0.0
0.0
0.0
0.0
0.0
0.0
0.0
0.0
0.0
0.0
0.0
0.0
0.0
0.0
0.0
0.0
0.0
0.0
0.0
0.0
0.0
0.0
0.0
0.0
0.0
0.0
0.0
0.0
0.0
0.0
0.0
0.0
0.0
0.0
0.0
0.0
2.0
1.0
1.0
1.0
1.0
16.0
0.9966555183946488
1.3973551637279595
0.0
0.26421404682274247
0.20066889632107024
0.033444816053511704
0.15719063545150502
0.1806020066889632
0.010033444816053512
0.043478260869565216
0.11036789297658862
0.0802675585284281
0.05016722408026756
0.30434782608695654
0.04013377926421405
0.0033444816053511705
0.013377926421404682
0.17391304347826086
0.33444816053511706
1.0143207045486708
4.147848765127623
-0.12239459716723564
1.3973551637279595
1.0
1.0
0.517632241813602
NaN
832.0
4.0
3.0
0.0
0.0033444816053511705
0.9966555183946488
298.0
1.0
1.0
1.0
1.0
0.0
0.0
0.0
0.0
0.0
0.0
0.0
0.0
0.0
0.0
0.0
0.0
0.0
0.0
0.0
0.0
0.0
0.0
0.0
0.0
0.0
0.0
0.0
0.0
0.0
0.0
0.0
0.0
0.0
0.0
0.0
0.0
0.0
0.0
0.0
0.0
0.0
0.0
0.0
0.0
0.0
0.0
0.0
0.0
