1245
5.0
4.0
0.0
0.0
0.0
18.0
0.19152276295133439
2.0258241758241757
0.0
0.029827315541601257
0.04552590266875981
0.07535321821036106
0.023547880690737835
0.7048665620094191
0.029827315541601257
0.0282574568288854
0.06279434850863422
0.7080062794348508
0.05180533751962323
0.08163265306122448
0.012558869701726845
0.01098901098901099
0.009419152276295133
0.054945054945054944
0.0706436420722135
0.3817268049598191
4.497078255559556
0.6342642891692608
1.7894736842105263
0.4795226471385951
0.5428571428571429
0.3947368421052631
NaN
354.0
4.0
4.0
0.0706436420722135
0.7378335949764521
0.19152276295133439
0.3553191489361702
1.0
1.0
1.0
1.0
0.0
0.0
0.0
0.0
0.0
0.0
0.0
0.0
0.0
0.0
0.0
0.0
0.0
0.0
0.0
0.0
0.0
0.0
0.0
0.0
0.0
0.0
0.0
0.0
0.0
0.0
0.0
0.0
0.0
0.0
0.0
0.0
0.0
0.0
0.0
0.0
0.0
0.0
0.0
0.0
0.0
0.0
0.0
0.0
6.0
5.0
0.0
0.0
0.0
22.0
0.11781609195402298
1.9725085910652922
0.0
0.021551724137931036
0.035919540229885055
0.09482758620689655
0.0603448275862069
0.7198275862068966
0.03017241379310345
0.005747126436781609
0.031609195402298854
0.7471264367816092
0.02586206896551724
0.09339080459770115
0.01293103448275862
0.01293103448275862
0.0028735632183908046
0.04741379310344827
0.05747126436781609
0.36820688606442237
4.156552161456007
0.6614497829642573
1.4968287526427062
0.308362369337979
0.40635738831615104
0.4672304439746301
NaN
256.0
4.0
4.0
0.10919540229885058
0.7729885057471264
0.11781609195402298
0.2936802973977695
1.0
1.0
1.0
1.0
0.0
0.0
0.0
0.0
0.0
0.0
0.0
0.0
0.0
0.0
0.0
0.0
0.0
0.0
0.0
0.0
0.0
0.0
0.0
0.0
0.0
0.0
0.0
0.0
0.0
0.0
0.0
0.0
0.0
0.0
0.0
0.0
0.0
0.0
0.0
0.0
0.0
0.0
0.0
0.0
0.0
0.0
0.0
0.0
