jon
1.0
0.0
0.0
0.0
0.0
10.0
0.9938650306748467
1.4062126642771806
0.0
0.19631901840490798
0.03067484662576687
0.049079754601226995
0.0
0.06748466257668712
0.1411042944785276
0.2822085889570552
0.2331288343558282
0.08588957055214724
0.08588957055214724
0.25153374233128833
0.018404907975460124
0.024539877300613498
0.09202453987730061
0.18404907975460122
0.25766871165644173
0.832942239375121
3.6302196625316534
-0.24226448199752068
1.4062126642771806
1.0
1.0
0.4002389486260455
NaN
426.0
0.0
7.0
0.0
0.006134969325153374
0.9938650306748467
162.0
1.0
1.0
1.0
1.0
0.0
0.0
0.0
0.0
0.0
0.0
0.0
0.0
0.0
0.0
0.0
0.0
0.0
0.0
0.0
0.0
0.0
0.0
0.0
0.0
0.0
0.0
0.0
0.0
0.0
0.0
0.0
0.0
0.0
0.0
0.0
0.0
0.0
0.0
0.0
0.0
0.0
0.0
0.0
0.0
0.0
0.0
0.0
0.0
1.0
0.0
0.0
0.0
0.0
14.0
0.9946808510638298
1.3045507584597433
0.0
0.23404255319148937
0.031914893617021274
0.0851063829787234
0.0
0.14361702127659576
0.05319148936170213
0.19680851063829788
0.2553191489361702
0.09574468085106383
0.14361702127659576
0.18085106382978725
0.031914893617021274
0.026595744680851064
0.09042553191489362
0.2074468085106383
0.22340425531914893
0.9648427851382224
3.560185563214409
-0.19543812209900419
1.3045507584597433
1.0
1.0
0.43057176196032676
NaN
505.0
0.0
7.0
0.0
0.005319148936170213
0.9946808510638298
187.0
1.0
1.0
1.0
1.0
0.0
0.0
0.0
0.0
0.0
0.0
0.0
0.0
0.0
0.0
0.0
0.0
0.0
0.0
0.0
0.0
0.0
0.0
0.0
0.0
0.0
0.0
0.0
0.0
0.0
0.0
0.0
0.0
0.0
0.0
0.0
0.0
0.0
0.0
0.0
0.0
0.0
0.0
0.0
0.0
0.0
0.0
0.0
0.0
