chen
4.0
3.0
0.0
0.0
0.0
10.0
0.1550561797752809
1.2610088070456362
0.0
0.021910112359550562
0.05898876404494382
0.05393258426966292
0.021348314606741574
0.7359550561797753
0.06404494382022471
0.043820224719101124
0.0
0.7039325842696629
0.051685393258426963
0.0898876404494382
0.02359550561797753
0.05112359550561798
0.028089887640449437
0.015168539325842697
0.03651685393258427
0.8990308603047492
1943.958404974192
0.5086980755102074
0.5285848172446111
0.3580952380952382
0.854283426741393
0.6373008434864106
NaN
695.0
4.0
4.0
0.17247191011235954
0.6724719101123595
0.1550561797752809
0.48705096073517123
1.0
1.0
1.0
1.0
0.0
0.0
0.0
0.0
0.0
0.0
0.0
0.0
0.0
0.0
0.0
0.0
0.0
0.0
0.0
0.0
0.0
0.0
0.0
0.0
0.0
0.0
0.0
0.0
0.0
0.0
0.0
0.0
0.0
0.0
0.0
0.0
0.0
0.0
0.0
0.0
0.0
0.0
0.0
0.0
0.0
0.0
0.0
0.0
4.0
3.0
0.0
2.0
0.0
11.0
0.15050732807215333
1.0936188077246012
0.0
0.02874859075535513
0.03494926719278467
0.10033821871476889
0.020293122886133032
0.737880496054115
0.06200676437429538
0.015783540022547914
0.0
0.6899661781285231
0.06764374295377677
0.07835400225479143
0.010146561443066516
0.044532130777903044
0.02593010146561443
0.021984216459977453
0.06144306651634724
1.2643508680385689
1797.328311047771
0.5453738968652211
0.3380706287683032
0.30134357005758156
0.9748110831234257
0.33161068044788977
NaN
668.0
4.0
4.0
0.0
0.8494926719278467
0.15050732807215333
0.1771731917717319
1.0
1.0
1.0
1.0
0.0
0.0
0.0
0.0
0.0
0.0
0.0
0.0
0.0
0.0
0.0
0.0
0.0
0.0
0.0
0.0
0.0
0.0
0.0
0.0
0.0
0.0
0.0
0.0
0.0
0.0
0.0
0.0
0.0
0.0
0.0
0.0
0.0
0.0
0.0
0.0
0.0
0.0
0.0
0.0
0.0
0.0
0.0
0.0
