yuxiang chen
8.0
7.0
0.0
0.0
7.0
28.0
0.8437047756874095
2.011933174224344
0.0
0.026772793053545588
0.00361794500723589
0.005788712011577424
0.02170767004341534
0.7952243125904487
0.041968162083936326
0.06657018813314038
0.03835021707670044
0.7727930535455861
0.03256150506512301
0.07308248914616498
0.01085383502170767
0.010130246020260492
0.005788712011577424
0.06150506512301013
0.03328509406657019
0.7133051773899381
5.158255372429743
0.5043412873460302
1.9042857142857144
1.5812574139976274
1.6706443914081144
0.07857142857142857
NaN
1396.0
4.0
4.0
0.15557163531114326
7.23589001447178E-4
0.8437047756874095
1381.0
1.0
1.0
1.0
1.0
0.0
0.0
0.0
0.0
0.0
0.0
0.0
0.0
0.0
0.0
0.0
0.0
0.0
0.0
0.0
0.0
0.0
0.0
0.0
0.0
0.0
0.0
0.0
0.0
0.0
0.0
0.0
0.0
0.0
0.0
0.0
0.0
0.0
0.0
0.0
0.0
0.0
0.0
0.0
0.0
0.0
0.0
0.0
0.0
8.0
7.0
0.0
7.0
5.0
32.0
0.8377777777777777
2.1904761904761907
0.0
0.014814814814814815
0.0
0.0
0.025185185185185185
0.8066666666666666
0.042222222222222223
0.06518518518518518
0.045925925925925926
0.7755555555555556
0.02074074074074074
0.08444444444444445
0.00962962962962963
0.005925925925925926
0.00962962962962963
0.05185185185185185
0.042222222222222223
0.6369049722250619
5.0620603330930996
0.477471178063811
1.7952853598014888
1.4979296066252588
1.8276643990929706
0.06823821339950373
NaN
2368.0
4.0
4.0
0.16148148148148148
7.407407407407407E-4
0.8377777777777777
1349.0
1.0
1.0
1.0
1.0
0.0
0.0
0.0
0.0
0.0
0.0
0.0
0.0
0.0
0.0
0.0
0.0
0.0
0.0
0.0
0.0
0.0
0.0
0.0
0.0
0.0
0.0
0.0
0.0
0.0
0.0
0.0
0.0
0.0
0.0
0.0
0.0
0.0
0.0
0.0
0.0
0.0
0.0
0.0
0.0
0.0
0.0
0.0
0.0
