6666
4.0
3.0
0.0
3.0
0.0
18.0
0.13388429752066117
2.4795640326975477
0.0
0.0615702479338843
0.05165289256198347
0.08760330578512397
0.06900826446280992
0.7024793388429752
0.02066115702479339
0.0
0.0070247933884297524
0.6673553719008265
0.07892561983471075
0.0743801652892562
0.016115702479338842
0.023140495867768594
0.019421487603305785
0.08099173553719008
0.03966942148760331
0.7868049853001243
4.438271289800837
0.5531158915969167
1.021276595744681
0.3956043956043957
0.9604904632152588
0.6765957446808512
NaN
901.0
4.0
4.0
0.10082644628099173
0.7652892561983471
0.13388429752066117
0.30669546436285094
1.0
1.0
1.0
1.0
0.0
0.0
0.0
0.0
0.0
0.0
0.0
0.0
0.0
0.0
0.0
0.0
0.0
0.0
0.0
0.0
0.0
0.0
0.0
0.0
0.0
0.0
0.0
0.0
0.0
0.0
0.0
0.0
0.0
0.0
0.0
0.0
0.0
0.0
0.0
0.0
0.0
0.0
0.0
0.0
0.0
0.0
0.0
0.0
5.0
4.0
0.0
3.0
0.0
20.0
0.07774269928966061
2.5342465753424657
0.0
0.05090765588003157
0.058800315706393054
0.07616416732438831
0.062352012628255724
0.7332280978689818
0.018547750591949488
0.0
0.0
0.7044198895027625
0.07103393843725335
0.08326756116811365
0.016574585635359115
0.02722967640094712
0.009076558800315706
0.0643251775848461
0.024072612470402526
0.765352962396397
4.384738562572209
0.5531949038591474
0.584
0.1972972972972973
0.8561643835616438
0.488
NaN
480.0
4.0
4.0
0.0
0.9222573007103394
0.07774269928966061
0.08429610611895592
1.0
1.0
1.0
1.0
0.0
0.0
0.0
0.0
0.0
0.0
0.0
0.0
0.0
0.0
0.0
0.0
0.0
0.0
0.0
0.0
0.0
0.0
0.0
0.0
0.0
0.0
0.0
0.0
0.0
0.0
0.0
0.0
0.0
0.0
0.0
0.0
0.0
0.0
0.0
0.0
0.0
0.0
0.0
0.0
0.0
0.0
0.0
0.0
