yuxiangchen
6.0
5.0
0.0
5.0
4.0
30.0
0.8334184977005621
2.6088840736728063
0.0
0.027082268778742973
0.0061318344404701075
0.008686765457332652
0.02350536535513541
0.7731221257026061
0.052120592743995914
0.07051609606540624
0.038834951456310676
0.7508942258559019
0.047266223811957074
0.061318344404701075
0.01890648952478283
0.006642820643842616
0.015329586101175269
0.05799693408277976
0.04164537557485948
0.42905047599152557
4.808289449561891
0.4949825252759543
1.9121794871794873
1.2387873754152823
1.6901408450704225
0.09935897435897435
NaN
4012.0
4.0
4.0
0.16632600919775167
2.554931016862545E-4
0.8334184977005621
3913.0
1.0
1.0
1.0
1.0
0.0
0.0
0.0
0.0
0.0
0.0
0.0
0.0
0.0
0.0
0.0
0.0
0.0
0.0
0.0
0.0
0.0
0.0
0.0
0.0
0.0
0.0
0.0
0.0
0.0
0.0
0.0
0.0
0.0
0.0
0.0
0.0
0.0
0.0
0.0
0.0
0.0
0.0
0.0
0.0
0.0
0.0
0.0
0.0
7.0
6.0
0.0
0.0
0.0
32.0
0.09138679460817911
2.2494004796163067
0.0
0.019419693854238064
0.0
0.012108750285583733
0.013708019191226868
0.8142563399588759
0.052318939913182545
0.05528901073794837
0.03289924605894448
0.7756454192369203
0.03792551976239433
0.061686086360520906
0.019191226867717615
0.004797806716929404
0.0105094813799406
0.05186200594014165
0.03838245373543523
0.38160503899990283
4.86170905841262
0.5264889796485427
0.73189448441247
0.3253731343283582
1.0
0.4052757793764988
NaN
1042.0
4.0
4.0
0.0
0.9086132053918209
0.09138679460817911
0.10057832537088257
1.0
1.0
1.0
1.0
0.0
0.0
0.0
0.0
0.0
0.0
0.0
0.0
0.0
0.0
0.0
0.0
0.0
0.0
0.0
0.0
0.0
0.0
0.0
0.0
0.0
0.0
0.0
0.0
0.0
0.0
0.0
0.0
0.0
0.0
0.0
0.0
0.0
0.0
0.0
0.0
0.0
0.0
0.0
0.0
0.0
0.0
0.0
0.0
