dennismtb
9.0
8.0
0.0
2.0
0.0
18.0
0.03801765105227427
2.385123966942149
0.0
0.012898845892735914
0.035302104548540394
0.06720977596741344
0.04005431093007468
0.8282416836388323
0.012898845892735914
0.0
0.0033944331296673455
0.8472505091649695
0.020366598778004074
0.038696537678207736
0.02172437202987101
0.009504412763068567
0.010183299389002037
0.027155465037338764
0.025118805159538356
0.3655948127798049
3.9552673234924427
0.5605551062007491
0.9047619047619051
0.10533610533610535
0.27768595041322314
0.3571428571428572
NaN
168.0
4.0
4.0
0.06720977596741344
0.8947725729803123
0.03801765105227427
0.11760242792109256
1.0
1.0
1.0
1.0
0.0
0.0
0.0
0.0
0.0
0.0
0.0
0.0
0.0
0.0
0.0
0.0
0.0
0.0
0.0
0.0
0.0
0.0
0.0
0.0
0.0
0.0
0.0
0.0
0.0
0.0
0.0
0.0
0.0
0.0
0.0
0.0
0.0
0.0
0.0
0.0
0.0
0.0
0.0
0.0
0.0
0.0
0.0
0.0
7.0
6.0
0.0
0.0
0.0
17.0
0.05088852988691438
3.0197183098591545
0.0
0.033117932148626815
0.05331179321486268
0.04765751211631664
0.03715670436187399
0.7996768982229402
0.01050080775444265
0.004038772213247173
0.014539579967689823
0.815831987075929
0.036348949919224556
0.04281098546042003
0.021809369951534735
0.011308562197092083
0.009693053311793215
0.03231017770597738
0.02988691437802908
0.7438305555402475
3.8285950736244088
0.644877713550381
0.7718309859154932
0.25559701492537323
1.0
0.5492957746478874
NaN
150.0
0.0
4.0
0.0
0.9491114701130856
0.05088852988691438
0.05361702127659575
1.0
1.0
1.0
1.0
0.0
0.0
0.0
0.0
0.0
0.0
0.0
0.0
0.0
0.0
0.0
0.0
0.0
0.0
0.0
0.0
0.0
0.0
0.0
0.0
0.0
0.0
0.0
0.0
0.0
0.0
0.0
0.0
0.0
0.0
0.0
0.0
0.0
0.0
0.0
0.0
0.0
0.0
0.0
0.0
0.0
0.0
0.0
0.0
