zhe shi 12
2.0
1.0
1.0
1.0
1.0
3.0
0.7993421052631579
1.3699015471167373
0.0
0.125
0.09539473684210527
0.09210526315789473
0.13157894736842105
0.2730263157894737
0.046052631578947366
0.0756578947368421
0.1611842105263158
0.45394736842105265
0.05592105263157895
0.2565789473684211
0.13486842105263158
0.006578947368421052
0.0
0.03618421052631579
0.05592105263157895
1.8227307558682688
874.3172444341311
0.4312509996017583
1.8199088145896658
2.4589322381930185
1.850914205344585
0.5661094224924013
NaN
531.0
4.0
4.0
0.19736842105263158
0.003289473684210526
0.7993421052631579
303.0
1.0
1.0
1.0
1.0
0.0
0.0
0.0
0.0
0.0
0.0
0.0
0.0
0.0
0.0
0.0
0.0
0.0
0.0
0.0
0.0
0.0
0.0
0.0
0.0
0.0
0.0
0.0
0.0
0.0
0.0
0.0
0.0
0.0
0.0
0.0
0.0
0.0
0.0
0.0
0.0
0.0
0.0
0.0
0.0
0.0
0.0
0.0
0.0
2.0
1.0
0.0
1.0
0.0
6.0
0.8105590062111802
1.6098591549295773
0.0
0.10559006211180125
0.10869565217391304
0.12422360248447205
0.12111801242236025
0.2732919254658385
0.07763975155279502
0.07142857142857142
0.11801242236024845
0.37888198757763975
0.062111801242236024
0.2670807453416149
0.14906832298136646
0.018633540372670808
0.0
0.037267080745341616
0.08695652173913043
1.6093053848486782
939.7283281340775
0.4205301556344059
2.036704119850187
2.378827646544182
1.880281690140845
0.599250936329588
NaN
578.0
4.0
4.0
0.18633540372670807
0.003105590062111801
0.8105590062111802
321.0
1.0
1.0
1.0
1.0
0.0
0.0
0.0
0.0
0.0
0.0
0.0
0.0
0.0
0.0
0.0
0.0
0.0
0.0
0.0
0.0
0.0
0.0
0.0
0.0
0.0
0.0
0.0
0.0
0.0
0.0
0.0
0.0
0.0
0.0
0.0
0.0
0.0
0.0
0.0
0.0
0.0
0.0
0.0
0.0
0.0
0.0
0.0
0.0
