FrF
2.0
1.0
0.0
0.0
1.0
9.0
0.7222222222222222
1.358759430008382
0.0
0.03418803418803419
0.02564102564102564
0.1282051282051282
0.10256410256410256
0.39316239316239315
0.12393162393162394
0.19230769230769232
0.0
0.32051282051282054
0.12393162393162394
0.15384615384615385
0.0641025641025641
0.0641025641025641
0.021367521367521368
0.09829059829059829
0.15384615384615385
0.6719998206611337
1490.021664927937
0.4743040029714736
1.812781954887218
1.4873534855027761
1.1148365465213745
0.43609022556390975
NaN
392.0
4.0
4.0
0.27350427350427353
0.004273504273504274
0.7222222222222222
233.0
1.0
1.0
1.0
1.0
0.0
0.0
0.0
0.0
0.0
0.0
0.0
0.0
0.0
0.0
0.0
0.0
0.0
0.0
0.0
0.0
0.0
0.0
0.0
0.0
0.0
0.0
0.0
0.0
0.0
0.0
0.0
0.0
0.0
0.0
0.0
0.0
0.0
0.0
0.0
0.0
0.0
0.0
0.0
0.0
0.0
0.0
0.0
0.0
2.0
1.0
0.0
0.0
1.0
8.0
0.7104072398190046
1.2105532786885245
0.0
0.0
0.08597285067873303
0.11312217194570136
0.11312217194570136
0.31221719457013575
0.19909502262443438
0.12217194570135746
0.05429864253393665
0.34841628959276016
0.11312217194570136
0.18552036199095023
0.03167420814479638
0.049773755656108594
0.06334841628959276
0.09049773755656108
0.11764705882352941
0.7751125004604902
1295.6881715210548
0.5410088112102674
1.497596153846154
1.5818874312314855
1.2786885245901638
0.40865384615384615
NaN
338.0
4.0
4.0
0.2850678733031674
0.004524886877828055
0.7104072398190046
220.0
1.0
1.0
1.0
1.0
0.0
0.0
0.0
0.0
0.0
0.0
0.0
0.0
0.0
0.0
0.0
0.0
0.0
0.0
0.0
0.0
0.0
0.0
0.0
0.0
0.0
0.0
0.0
0.0
0.0
0.0
0.0
0.0
0.0
0.0
0.0
0.0
0.0
0.0
0.0
0.0
0.0
0.0
0.0
0.0
0.0
0.0
0.0
0.0
