Jonw
3.0
2.0
0.0
2.0
2.0
27.0
0.21820809248554912
3.5817245817245817
0.0
0.03901734104046243
0.002890173410404624
0.036127167630057806
0.06069364161849711
0.5794797687861272
0.10838150289017341
0.06936416184971098
0.10404624277456648
0.5520231213872833
0.05346820809248555
0.1315028901734104
0.02745664739884393
0.010115606936416185
0.02167630057803468
0.1069364161849711
0.0968208092485549
0.125187969806671
3.95857098156417
0.14421950815319035
2.081916537867079
0.4840100610851598
0.8326898326898325
0.42658423493044834
NaN
419.0
4.0
4.0
0.0
0.7817919075144508
0.21820809248554912
0.27911275415896486
1.0
1.0
1.0
1.0
0.0
0.0
0.0
0.0
0.0
0.0
0.0
0.0
0.0
0.0
0.0
0.0
0.0
0.0
0.0
0.0
0.0
0.0
0.0
0.0
0.0
0.0
0.0
0.0
0.0
0.0
0.0
0.0
0.0
0.0
0.0
0.0
0.0
0.0
0.0
0.0
0.0
0.0
0.0
0.0
0.0
0.0
0.0
0.0
1.0
0.0
0.0
0.0
0.0
10.0
0.9941860465116279
1.1878019323671496
0.0
0.1744186046511628
0.13953488372093023
0.2558139534883721
0.11046511627906977
0.10465116279069768
0.09883720930232558
0.05813953488372093
0.05813953488372093
0.06976744186046512
0.05232558139534884
0.28488372093023256
0.029069767441860465
0.03488372093023256
0.06395348837209303
0.1569767441860465
0.3081395348837209
0.8589930780897433
3.6491189700095252
-0.15494214968086392
1.1878019323671496
1.0
1.0
0.5452898550724636
NaN
462.0
4.0
3.0
0.0
0.005813953488372093
0.9941860465116279
171.0
1.0
1.0
1.0
1.0
0.0
0.0
0.0
0.0
0.0
0.0
0.0
0.0
0.0
0.0
0.0
0.0
0.0
0.0
0.0
0.0
0.0
0.0
0.0
0.0
0.0
0.0
0.0
0.0
0.0
0.0
0.0
0.0
0.0
0.0
0.0
0.0
0.0
0.0
0.0
0.0
0.0
0.0
0.0
0.0
0.0
0.0
0.0
0.0
