cody
1.0
0.0
0.0
0.0
0.0
25.0
0.9973821989528796
1.2456627342123525
0.0
0.193717277486911
0.2486910994764398
0.16753926701570682
0.015706806282722512
0.09947643979057591
0.1256544502617801
0.0549738219895288
0.09424083769633508
0.0968586387434555
0.24345549738219896
0.17801047120418848
0.03926701570680628
0.013089005235602094
0.08638743455497382
0.24607329842931938
0.0968586387434555
0.8259334759643787
6.780630463158583
-0.2750827770754026
1.2456627342123525
1.0
1.0
0.5135322692574601
NaN
1213.0
4.0
7.0
0.0
0.002617801047120419
0.9973821989528796
381.0
1.0
1.0
1.0
1.0
0.0
0.0
0.0
0.0
0.0
0.0
0.0
0.0
0.0
0.0
0.0
0.0
0.0
0.0
0.0
0.0
0.0
0.0
0.0
0.0
0.0
0.0
0.0
0.0
0.0
0.0
0.0
0.0
0.0
0.0
0.0
0.0
0.0
0.0
0.0
0.0
0.0
0.0
0.0
0.0
0.0
0.0
0.0
0.0
3.0
1.0
0.0
0.0
0.0
25.0
0.3741573033707865
1.7852916314454774
0.0
0.11573033707865168
0.13258426966292136
0.029213483146067417
0.0011235955056179776
0.5988764044943821
0.06179775280898876
0.043820224719101124
0.016853932584269662
0.5820224719101124
0.07977528089887641
0.07977528089887641
0.011235955056179775
0.011235955056179775
0.048314606741573035
0.12808988764044943
0.05955056179775281
0.6107277773317832
5.718610567699529
0.618497570501873
1.688014638609332
0.8735795454545455
0.9239222316145393
0.52516010978957
NaN
1150.0
4.0
4.0
0.08314606741573034
0.5426966292134832
0.3741573033707865
0.8426501035196687
1.0
1.0
1.0
1.0
0.0
0.0
0.0
0.0
0.0
0.0
0.0
0.0
0.0
0.0
0.0
0.0
0.0
0.0
0.0
0.0
0.0
0.0
0.0
0.0
0.0
0.0
0.0
0.0
0.0
0.0
0.0
0.0
0.0
0.0
0.0
0.0
0.0
0.0
0.0
0.0
0.0
0.0
0.0
0.0
0.0
0.0
0.0
0.0
