23333
2.0
1.0
1.0
1.0
1.0
17.0
0.9905362776025236
2.2932022932022935
0.0
0.138801261829653
0.12933753943217666
0.08832807570977919
0.0
0.15772870662460567
0.12618296529968454
0.19873817034700317
0.1608832807570978
0.11041009463722397
0.14511041009463724
0.14195583596214512
0.12302839116719243
0.07886435331230283
0.0473186119873817
0.1608832807570978
0.19242902208201892
0.4341719261762463
5.157777034413057
-0.039257665221536134
1.8454545454545457
1.2325000000000002
1.5315315315315317
0.6363636363636364
NaN
1040.0
4.0
4.0
0.006309148264984227
0.0031545741324921135
0.9905362776025236
316.0
1.0
1.0
1.0
1.0
0.0
0.0
0.0
0.0
0.0
0.0
0.0
0.0
0.0
0.0
0.0
0.0
0.0
0.0
0.0
0.0
0.0
0.0
0.0
0.0
0.0
0.0
0.0
0.0
0.0
0.0
0.0
0.0
0.0
0.0
0.0
0.0
0.0
0.0
0.0
0.0
0.0
0.0
0.0
0.0
0.0
0.0
0.0
0.0
2.0
1.0
0.0
1.0
1.0
18.0
0.7847826086956522
3.355018587360595
0.0
0.1108695652173913
0.10652173913043478
0.03695652173913044
0.0891304347826087
0.26956521739130435
0.12173913043478261
0.14565217391304347
0.11956521739130435
0.33260869565217394
0.1282608695652174
0.11956521739130435
0.06304347826086956
0.05217391304347826
0.04782608695652174
0.14347826086956522
0.11304347826086956
0.45020360823795363
3.5617839711589308
0.2606023040767641
2.5688073394495414
1.3444136657433057
1.7558859975216854
0.48694424841213835
NaN
901.0
4.0
4.0
0.21304347826086956
0.002173913043478261
0.7847826086956522
459.0
1.0
1.0
1.0
1.0
0.0
0.0
0.0
0.0
0.0
0.0
0.0
0.0
0.0
0.0
0.0
0.0
0.0
0.0
0.0
0.0
0.0
0.0
0.0
0.0
0.0
0.0
0.0
0.0
0.0
0.0
0.0
0.0
0.0
0.0
0.0
0.0
0.0
0.0
0.0
0.0
0.0
0.0
0.0
0.0
0.0
0.0
0.0
0.0
