wu
2.0
0.0
1.0
1.0
1.0
4.0
0.8493589743589743
1.2874720357941833
0.0
0.0
0.003205128205128205
0.08333333333333333
0.2564102564102564
0.15064102564102563
0.0
0.32051282051282054
0.1858974358974359
0.36217948717948717
0.09935897435897435
0.266025641025641
0.10256410256410256
0.09294871794871795
0.0
0.003205128205128205
0.07371794871794872
1.4951228492655322
660.6138098158101
0.40145108433321036
1.7352941176470589
1.794092093831451
1.3310961968680088
0.5756302521008403
NaN
643.0
6.0
4.0
0.14743589743589744
0.003205128205128205
0.8493589743589743
311.0
1.0
1.0
1.0
1.0
0.0
0.0
0.0
0.0
0.0
0.0
0.0
0.0
0.0
0.0
0.0
0.0
0.0
0.0
0.0
0.0
0.0
0.0
0.0
0.0
0.0
0.0
0.0
0.0
0.0
0.0
0.0
0.0
0.0
0.0
0.0
0.0
0.0
0.0
0.0
0.0
0.0
0.0
0.0
0.0
0.0
0.0
0.0
0.0
2.0
1.0
1.0
1.0
0.0
12.0
0.8440677966101695
1.556657223796034
0.0
0.0
0.003389830508474576
0.1016949152542373
0.2745762711864407
0.15593220338983052
0.0
0.23728813559322035
0.2271186440677966
0.3559322033898305
0.07457627118644068
0.23728813559322035
0.1016949152542373
0.1288135593220339
0.0
0.0
0.1016949152542373
1.6164065162751937
535.7697268106865
0.47238134483078076
1.651639344262295
1.8334849863512284
1.728045325779037
0.6434426229508197
NaN
593.0
6.0
4.0
0.15254237288135594
0.003389830508474576
0.8440677966101695
294.0
1.0
1.0
1.0
1.0
0.0
0.0
0.0
0.0
0.0
0.0
0.0
0.0
0.0
0.0
0.0
0.0
0.0
0.0
0.0
0.0
0.0
0.0
0.0
0.0
0.0
0.0
0.0
0.0
0.0
0.0
0.0
0.0
0.0
0.0
0.0
0.0
0.0
0.0
0.0
0.0
0.0
0.0
0.0
0.0
0.0
0.0
0.0
0.0
