Frank
4.0
3.0
0.0
0.0
3.0
18.0
0.18552875695732837
1.7968106995884772
0.0
0.03153988868274583
0.06493506493506493
0.09647495361781076
0.03525046382189239
0.647495361781076
0.05009276437847866
0.01855287569573284
0.055658627087198514
0.6567717996289425
0.06307977736549165
0.09647495361781076
0.016697588126159554
0.00927643784786642
0.014842300556586271
0.0686456400742115
0.07421150278293136
0.6201283313414505
4.467615070093198
0.7443734041239944
2.1044083526682127
0.5193243630117377
0.4434156378600823
0.4918793503480278
NaN
271.0
4.0
4.0
0.0575139146567718
0.7569573283858998
0.18552875695732837
0.32107843137254904
1.0
1.0
1.0
1.0
0.0
0.0
0.0
0.0
0.0
0.0
0.0
0.0
0.0
0.0
0.0
0.0
0.0
0.0
0.0
0.0
0.0
0.0
0.0
0.0
0.0
0.0
0.0
0.0
0.0
0.0
0.0
0.0
0.0
0.0
0.0
0.0
0.0
0.0
0.0
0.0
0.0
0.0
0.0
0.0
0.0
0.0
0.0
0.0
5.0
4.0
0.0
0.0
0.0
16.0
0.14014598540145987
1.9155011655011651
0.0
0.026277372262773723
0.06861313868613139
0.07737226277372262
0.0364963503649635
0.7401459854014598
0.024817518248175182
0.00145985401459854
0.024817518248175182
0.745985401459854
0.027737226277372264
0.09781021897810219
0.01167883211678832
0.004379562043795621
0.010218978102189781
0.042335766423357665
0.059854014598540145
0.7592397825254307
4.618267481627028
0.6908975236764993
2.9392971246006394
0.5597809552783694
0.3648018648018647
0.4888178913738019
NaN
269.0
4.0
4.0
0.043795620437956206
0.8160583941605839
0.14014598540145987
0.22540250447227192
1.0
1.0
1.0
1.0
0.0
0.0
0.0
0.0
0.0
0.0
0.0
0.0
0.0
0.0
0.0
0.0
0.0
0.0
0.0
0.0
0.0
0.0
0.0
0.0
0.0
0.0
0.0
0.0
0.0
0.0
0.0
0.0
0.0
0.0
0.0
0.0
0.0
0.0
0.0
0.0
0.0
0.0
0.0
0.0
0.0
0.0
0.0
0.0
