45465
4.0
3.0
0.0
3.0
0.0
18.0
0.18339307048984468
1.908799266727773
0.0
0.03345280764635603
0.06033452807646356
0.1033452807646356
0.06690561529271206
0.6929510155316607
0.035842293906810034
0.007168458781362007
0.0
0.7246117084826762
0.02986857825567503
0.0931899641577061
0.027479091995221028
0.004181600955794504
0.008960573476702509
0.05077658303464755
0.06093189964157706
0.4738978237819252
4.107815707166877
0.5607634059794511
1.3445054945054944
0.5875150060024009
0.8340971585701192
0.6659340659340659
NaN
811.0
4.0
4.0
0.0
0.8166069295101553
0.18339307048984468
0.22457937088514995
1.0
1.0
1.0
1.0
0.0
0.0
0.0
0.0
0.0
0.0
0.0
0.0
0.0
0.0
0.0
0.0
0.0
0.0
0.0
0.0
0.0
0.0
0.0
0.0
0.0
0.0
0.0
0.0
0.0
0.0
0.0
0.0
0.0
0.0
0.0
0.0
0.0
0.0
0.0
0.0
0.0
0.0
0.0
0.0
0.0
0.0
0.0
0.0
3.0
2.0
0.0
2.0
0.0
18.0
0.24856961220597584
2.052914798206278
0.0
0.031150667514303877
0.06993006993006994
0.12968849332485696
0.1010807374443738
0.6039415130324222
0.0540368722186904
0.010171646535282899
0.0
0.6439923712650986
0.06993006993006994
0.06420851875397329
0.03814367450731087
0.020343293070565798
0.029879211697393517
0.05912269548633185
0.0743801652892562
0.42171302700852575
4.031253732213933
0.6571052900766974
1.3595194085027726
0.6426387068588904
0.9704035874439461
0.633086876155268
NaN
1031.0
4.0
4.0
0.0
0.7514303877940242
0.24856961220597584
0.33079526226734346
1.0
1.0
1.0
1.0
0.0
0.0
0.0
0.0
0.0
0.0
0.0
0.0
0.0
0.0
0.0
0.0
0.0
0.0
0.0
0.0
0.0
0.0
0.0
0.0
0.0
0.0
0.0
0.0
0.0
0.0
0.0
0.0
0.0
0.0
0.0
0.0
0.0
0.0
0.0
0.0
0.0
0.0
0.0
0.0
0.0
0.0
0.0
0.0
