dave
2.0
1.0
0.0
0.0
0.0
15.0
0.6723918575063613
2.230769230769231
0.0
0.14694656488549618
0.10687022900763359
0.17302798982188294
0.1227735368956743
0.4166666666666667
0.03307888040712468
6.361323155216285E-4
0.0
0.43320610687022904
0.11513994910941476
0.10814249363867684
0.039440203562340966
0.04262086513994911
0.07888040712468193
0.11068702290076336
0.07188295165394402
0.2972982588923317
3.834482660115831
0.4494500179767655
2.1608040201005023
1.1405835543766578
1.1775147928994083
0.4472361809045226
NaN
2576.0
4.0
4.0
0.32697201017811706
6.361323155216285E-4
0.6723918575063613
1571.0
1.0
1.0
1.0
1.0
0.0
0.0
0.0
0.0
0.0
0.0
0.0
0.0
0.0
0.0
0.0
0.0
0.0
0.0
0.0
0.0
0.0
0.0
0.0
0.0
0.0
0.0
0.0
0.0
0.0
0.0
0.0
0.0
0.0
0.0
0.0
0.0
0.0
0.0
0.0
0.0
0.0
0.0
0.0
0.0
0.0
0.0
0.0
0.0
2.0
1.0
0.0
0.0
0.0
14.0
0.672945205479452
2.446017699115044
0.0
0.15496575342465754
0.136986301369863
0.1172945205479452
0.136986301369863
0.3964041095890411
0.05736301369863014
0.0
0.0
0.4571917808219178
0.07277397260273973
0.1284246575342466
0.023972602739726026
0.08304794520547945
0.05565068493150685
0.09332191780821918
0.08561643835616438
0.6584386573738534
3.7685863022281683
0.6224578903243091
1.7389671361502346
1.3400868306801736
1.8849557522123894
0.4694835680751174
NaN
1475.0
4.0
4.0
0.3261986301369863
8.561643835616438E-4
0.672945205479452
1167.0
1.0
1.0
1.0
1.0
0.0
0.0
0.0
0.0
0.0
0.0
0.0
0.0
0.0
0.0
0.0
0.0
0.0
0.0
0.0
0.0
0.0
0.0
0.0
0.0
0.0
0.0
0.0
0.0
0.0
0.0
0.0
0.0
0.0
0.0
0.0
0.0
0.0
0.0
0.0
0.0
0.0
0.0
0.0
0.0
0.0
0.0
0.0
0.0
