websterxc
7.0
6.0
0.0
6.0
6.0
38.0
0.8501691638472693
4.195243362831858
0.0
0.02803286611889802
0.029482841952634124
0.0333494441759304
0.01014983083615273
0.7742870952150798
0.033832769453842435
0.04204929917834703
0.04881585306911552
0.75060415659739
0.03431609473175447
0.0652489125181247
0.01208313194780087
0.006766553890768487
9.666505558240696E-4
0.07298211696471725
0.05703238279362011
0.06859754860331545
4.601284030980461
0.1480159569058458
4.20824295010846
1.023071852340145
1.0199115044247786
0.0650759219088937
NaN
2363.0
4.0
4.0
0.14934751087481876
4.833252779120348E-4
0.8501691638472693
2068.0
1.0
1.0
1.0
1.0
0.0
0.0
0.0
0.0
0.0
0.0
0.0
0.0
0.0
0.0
0.0
0.0
0.0
0.0
0.0
0.0
0.0
0.0
0.0
0.0
0.0
0.0
0.0
0.0
0.0
0.0
0.0
0.0
0.0
0.0
0.0
0.0
0.0
0.0
0.0
0.0
0.0
0.0
0.0
0.0
0.0
0.0
0.0
0.0
8.0
6.0
0.0
6.0
6.0
39.0
0.1007479102507699
2.911265432098765
0.0
0.032996040475142985
0.029916410030796304
0.029036515618125824
0.05851297844258689
0.8099428068631764
0.02155741311042675
0.010118785745710514
0.007919049714034315
0.7993840739111306
0.01715794104707435
0.05103387593488781
0.015398152221733392
0.0061592608886933565
0.007039155301363837
0.056313242410910694
0.0475142982842059
0.14248269340806374
5.626596429782815
0.35848157005232484
1.35108024691358
0.4640869334746886
1.0
0.6427469135802468
NaN
1085.0
4.0
4.0
0.11746590409150902
0.7817861856577211
0.1007479102507699
0.2791221159257175
1.0
1.0
1.0
1.0
0.0
0.0
0.0
0.0
0.0
0.0
0.0
0.0
0.0
0.0
0.0
0.0
0.0
0.0
0.0
0.0
0.0
0.0
0.0
0.0
0.0
0.0
0.0
0.0
0.0
0.0
0.0
0.0
0.0
0.0
0.0
0.0
0.0
0.0
0.0
0.0
0.0
0.0
0.0
0.0
0.0
0.0
0.0
0.0
